13584.112963317612
13584.112963317612
13584.112963317612
13584.112963317612
13584.112963317612
13584.112963317612
13584.112963317612
13584.112963317612
13584.112963317612
13584.112963317612
13584.112963317612
13584.112963317612
13584.112963317612
13584.112963317612
13584.112963317612
13584.112963317612
13584.112963317612
13584.112963317612
13584.112963317612
13584.112963317612
13584.112963317612
13584.112963317612
13584.112963317612
13584.112963317612
13584.112963317612
13584.112963317612
13584.112963317612
13584.112963317612
13584.112963317612
